Anodizado
Fecha: 07-Sep-2018 14:04:10
Tensión	Corriente
6.000000e+001	9.999050e-002
6.000000e+001	6.052380e-002
6.000000e+001	4.979060e-002
6.000000e+001	4.448500e-002
6.000000e+001	4.164250e-002
6.000000e+001	4.023410e-002
6.000000e+001	3.982480e-002
6.000000e+001	4.040780e-002
6.000000e+001	4.155670e-002
6.000000e+001	4.313680e-002
6.000000e+001	4.499810e-002
6.000000e+001	4.719530e-002
6.000000e+001	4.934180e-002
6.000000e+001	5.147740e-002
6.000000e+001	5.342410e-002
6.000000e+001	5.553880e-002
6.000000e+001	5.737880e-002
6.000000e+001	5.996290e-002
6.000000e+001	6.169130e-002
6.000000e+001	6.318100e-002
6.000000e+001	6.451350e-002
6.000000e+001	6.605550e-002
6.000000e+001	6.727200e-002
6.000000e+001	6.827300e-002
6.000000e+001	6.909950e-002
6.000000e+001	6.998900e-002
6.000000e+001	7.073440e-002
6.000000e+001	7.142040e-002
6.000000e+001	7.195910e-002
6.000000e+001	7.251440e-002
6.000000e+001	7.297710e-002
6.000000e+001	7.318570e-002
6.000000e+001	7.384130e-002
6.000000e+001	7.448970e-002
6.000000e+001	7.489650e-002
6.000000e+001	7.523250e-002
6.000000e+001	7.564410e-002
6.000000e+001	7.588750e-002
6.000000e+001	7.618920e-002
6.000000e+001	7.649900e-002
6.000000e+001	7.663280e-002
6.000000e+001	7.695720e-002
6.000000e+001	7.729160e-002
6.000000e+001	7.754530e-002
6.000000e+001	7.767180e-002
6.000000e+001	7.777980e-002
6.000000e+001	7.803030e-002
6.000000e+001	7.815200e-002
6.000000e+001	7.832380e-002
6.000000e+001	7.876450e-002
6.000000e+001	7.916130e-002
6.000000e+001	7.904910e-002
6.000000e+001	7.897990e-002
6.000000e+001	7.920360e-002
6.000000e+001	7.917820e-002
6.000000e+001	7.920540e-002
6.000000e+001	7.958100e-002
6.000000e+001	7.959520e-002
6.000000e+001	7.964720e-002
6.000000e+001	8.011840e-002
6.000000e+001	8.000570e-002
6.000000e+001	7.993170e-002
6.000000e+001	7.968920e-002
6.000000e+001	7.974960e-002
6.000000e+001	8.017330e-002
6.000000e+001	8.038500e-002
6.000000e+001	8.029750e-002
6.000000e+001	8.030910e-002
6.000000e+001	8.057500e-002
6.000000e+001	8.105440e-002
6.000000e+001	8.142220e-002
6.000000e+001	8.134370e-002
6.000000e+001	8.137000e-002
6.000000e+001	8.138720e-002
6.000000e+001	8.141270e-002
6.000000e+001	8.139860e-002
6.000000e+001	8.142790e-002
6.000000e+001	8.141310e-002
6.000000e+001	8.155750e-002
6.000000e+001	8.171180e-002
6.000000e+001	8.158340e-002
6.000000e+001	8.117650e-002
6.000000e+001	8.148120e-002
6.000000e+001	8.162110e-002
6.000000e+001	8.168560e-002
6.000000e+001	8.181160e-002
6.000000e+001	8.128500e-002
6.000000e+001	8.125710e-002
6.000000e+001	8.146970e-002
6.000000e+001	8.167850e-002
6.000000e+001	8.177130e-002
6.000000e+001	8.189820e-002
6.000000e+001	8.180370e-002
6.000000e+001	8.168990e-002
6.000000e+001	8.217440e-002
6.000000e+001	8.233620e-002
6.000000e+001	8.219040e-002
6.000000e+001	8.173790e-002
6.000000e+001	8.187300e-002
6.000000e+001	8.236350e-002
6.000000e+001	8.243650e-002
6.000000e+001	8.253060e-002
6.000000e+001	8.231860e-002
6.000000e+001	8.234410e-002
6.000000e+001	8.266060e-002
6.000000e+001	8.307900e-002
6.000000e+001	8.312360e-002
6.000000e+001	8.282070e-002
6.000000e+001	8.262140e-002
6.000000e+001	8.283330e-002
6.000000e+001	8.286750e-002
6.000000e+001	8.286170e-002
6.000000e+001	8.276920e-002
6.000000e+001	8.328130e-002
6.000000e+001	8.329430e-002
6.000000e+001	8.319970e-002
6.000000e+001	8.306470e-002
6.000000e+001	8.317370e-002
6.000000e+001	8.344780e-002
6.000000e+001	8.318330e-002
6.000000e+001	8.267710e-002
6.000000e+001	8.243020e-002
6.000000e+001	8.274920e-002
6.000000e+001	8.307550e-002
6.000000e+001	8.316330e-002
6.000000e+001	8.295920e-002
6.000000e+001	8.294770e-002
6.000000e+001	8.318420e-002
6.000000e+001	8.330790e-002
6.000000e+001	8.308760e-002
6.000000e+001	8.310650e-002
6.000000e+001	8.301280e-002
6.000000e+001	8.305330e-002
6.000000e+001	8.309590e-002
6.000000e+001	8.300810e-002
6.000000e+001	8.287350e-002
6.000000e+001	8.262320e-002
6.000000e+001	8.250980e-002
6.000000e+001	8.297130e-002
6.000000e+001	8.272930e-002
6.000000e+001	8.290430e-002
6.000000e+001	8.283340e-002
6.000000e+001	8.273500e-002
6.000000e+001	8.270850e-002
6.000000e+001	8.299540e-002
6.000000e+001	8.308450e-002
6.000000e+001	8.297640e-002
6.000000e+001	8.291800e-002
6.000000e+001	8.274310e-002
6.000000e+001	8.273450e-002
6.000000e+001	8.285980e-002
6.000000e+001	8.320410e-002
6.000000e+001	8.297630e-002
6.000000e+001	8.294490e-002
6.000000e+001	8.295680e-002
6.000000e+001	8.303600e-002
6.000000e+001	8.338080e-002
6.000000e+001	8.328790e-002
6.000000e+001	8.342250e-002
6.000000e+001	8.315530e-002
6.000000e+001	8.324920e-002
6.000000e+001	8.378300e-002
6.000000e+001	8.403890e-002
6.000000e+001	8.350650e-002
6.000000e+001	8.320160e-002
6.000000e+001	8.322780e-002
6.000000e+001	8.356100e-002
6.000000e+001	8.379690e-002
6.000000e+001	8.365130e-002
6.000000e+001	8.356400e-002
6.000000e+001	8.375660e-002
6.000000e+001	8.387180e-002
6.000000e+001	8.380140e-002
6.000000e+001	8.377830e-002
6.000000e+001	8.377250e-002
6.000000e+001	8.400370e-002
6.000000e+001	8.389200e-002
6.000000e+001	8.377950e-002
6.000000e+001	8.379610e-002
6.000000e+001	8.400620e-002
6.000000e+001	8.422170e-002
6.000000e+001	8.417790e-002
6.000000e+001	8.404440e-002
6.000000e+001	8.383720e-002
6.000000e+001	8.390640e-002
6.000000e+001	8.397480e-002
6.000000e+001	8.377040e-002
6.000000e+001	8.376440e-002
6.000000e+001	8.388870e-002
6.000000e+001	8.377560e-002
6.000000e+001	8.338770e-002
6.000000e+001	8.360340e-002
6.000000e+001	8.366780e-002
6.000000e+001	8.375220e-002
6.000000e+001	8.340210e-002
6.000000e+001	8.332760e-002
6.000000e+001	8.352530e-002
6.000000e+001	8.374430e-002
6.000000e+001	8.384600e-002
6.000000e+001	8.355370e-002
6.000000e+001	8.316520e-002
6.000000e+001	8.319050e-002
6.000000e+001	8.356090e-002
6.000000e+001	8.380920e-002
6.000000e+001	8.379310e-002
6.000000e+001	8.380860e-002
6.000000e+001	8.378570e-002
6.000000e+001	8.364450e-002
6.000000e+001	8.390500e-002
6.000000e+001	8.434110e-002
6.000000e+001	8.421480e-002
6.000000e+001	8.427010e-002
6.000000e+001	8.400320e-002
6.000000e+001	8.416560e-002
6.000000e+001	8.432960e-002
6.000000e+001	8.418730e-002
6.000000e+001	8.439480e-002
6.000000e+001	8.449330e-002
6.000000e+001	8.438880e-002
6.000000e+001	8.440280e-002
6.000000e+001	8.419680e-002
6.000000e+001	8.427320e-002
6.000000e+001	8.421730e-002
6.000000e+001	8.430460e-002
6.000000e+001	8.425650e-002
6.000000e+001	8.421810e-002
6.000000e+001	8.422300e-002
6.000000e+001	8.414320e-002
6.000000e+001	8.436600e-002
6.000000e+001	8.411230e-002
6.000000e+001	8.387740e-002
6.000000e+001	8.367600e-002
6.000000e+001	8.391240e-002
6.000000e+001	8.420850e-002
6.000000e+001	8.471810e-002
6.000000e+001	8.464940e-002
6.000000e+001	8.430920e-002
6.000000e+001	8.434570e-002
6.000000e+001	8.440950e-002
6.000000e+001	8.439880e-002
6.000000e+001	8.448880e-002
6.000000e+001	8.427430e-002
6.000000e+001	8.439390e-002
6.000000e+001	8.442780e-002
6.000000e+001	8.497800e-002
6.000000e+001	8.501140e-002
6.000000e+001	8.476690e-002
6.000000e+001	8.462060e-002
6.000000e+001	8.440540e-002
6.000000e+001	8.448150e-002
6.000000e+001	8.462900e-002
6.000000e+001	8.452210e-002
6.000000e+001	8.429290e-002
6.000000e+001	8.410360e-002
6.000000e+001	8.411260e-002
6.000000e+001	8.427540e-002
6.000000e+001	8.419530e-002
6.000000e+001	8.457360e-002
6.000000e+001	8.462390e-002
6.000000e+001	8.422640e-002
6.000000e+001	8.406330e-002
6.000000e+001	8.410000e-002
6.000000e+001	8.444540e-002
6.000000e+001	8.493880e-002
6.000000e+001	8.489490e-002
6.000000e+001	8.441760e-002
6.000000e+001	8.419650e-002
6.000000e+001	8.487090e-002
6.000000e+001	8.492040e-002
6.000000e+001	8.518600e-002
6.000000e+001	8.490030e-002
6.000000e+001	8.457350e-002
6.000000e+001	8.441560e-002
6.000000e+001	8.454640e-002
6.000000e+001	8.466730e-002
6.000000e+001	8.479740e-002
6.000000e+001	8.471260e-002
6.000000e+001	8.467130e-002
6.000000e+001	8.443210e-002
6.000000e+001	8.448960e-002
6.000000e+001	8.442130e-002
6.000000e+001	8.439060e-002
6.000000e+001	8.446640e-002
6.000000e+001	8.489610e-002
6.000000e+001	8.472260e-002
6.000000e+001	8.484720e-002
6.000000e+001	8.438400e-002
6.000000e+001	8.479360e-002
6.000000e+001	8.497840e-002
6.000000e+001	8.509570e-002
6.000000e+001	8.486430e-002
6.000000e+001	8.496470e-002
6.000000e+001	8.533000e-002
6.000000e+001	8.527600e-002
6.000000e+001	8.536950e-002
6.000000e+001	8.504410e-002
6.000000e+001	8.477010e-002
6.000000e+001	8.464350e-002
6.000000e+001	8.480460e-002
6.000000e+001	8.511390e-002
6.000000e+001	8.523810e-002
6.000000e+001	8.533690e-002
6.000000e+001	8.505410e-002
6.000000e+001	8.489030e-002
6.000000e+001	8.453290e-002
6.000000e+001	8.501690e-002
6.000000e+001	8.511940e-002
6.000000e+001	8.524350e-002
6.000000e+001	8.504570e-002
6.000000e+001	8.483200e-002
6.000000e+001	8.491490e-002
6.000000e+001	8.503110e-002
6.000000e+001	8.508140e-002
6.000000e+001	8.510800e-002
6.000000e+001	8.518820e-002
6.000000e+001	8.523750e-002
6.000000e+001	8.520200e-002
6.000000e+001	8.509270e-002
6.000000e+001	8.485150e-002
6.000000e+001	8.484480e-002
6.000000e+001	8.476450e-002
6.000000e+001	8.455220e-002
6.000000e+001	8.443530e-002
6.000000e+001	8.442730e-002
6.000000e+001	8.474150e-002
6.000000e+001	8.509310e-002
6.000000e+001	8.536790e-002
6.000000e+001	8.559940e-002
6.000000e+001	8.508090e-002
6.000000e+001	8.513300e-002
6.000000e+001	8.509100e-002
6.000000e+001	8.542370e-002
6.000000e+001	8.556610e-002
6.000000e+001	8.560150e-002
6.000000e+001	8.534770e-002
6.000000e+001	8.528070e-002
6.000000e+001	8.536360e-002
6.000000e+001	8.578910e-002
6.000000e+001	8.577510e-002
6.000000e+001	8.570670e-002
6.000000e+001	8.545310e-002
6.000000e+001	8.496630e-002
6.000000e+001	8.526330e-002
6.000000e+001	8.551100e-002
6.000000e+001	8.563860e-002
6.000000e+001	8.600960e-002
6.000000e+001	8.578360e-002
6.000000e+001	8.538030e-002
6.000000e+001	8.534160e-002
6.000000e+001	8.550010e-002
6.000000e+001	8.545990e-002
6.000000e+001	8.561650e-002
6.000000e+001	8.564460e-002
6.000000e+001	8.549000e-002
6.000000e+001	8.551160e-002
6.000000e+001	8.535480e-002
6.000000e+001	8.561470e-002
6.000000e+001	8.564130e-002
6.000000e+001	8.565620e-002
6.000000e+001	8.570610e-002
6.000000e+001	8.542870e-002
6.000000e+001	8.545820e-002
6.000000e+001	8.571000e-002
6.000000e+001	8.589370e-002
6.000000e+001	8.610400e-002
6.000000e+001	8.606260e-002
6.000000e+001	8.615720e-002
6.000000e+001	8.580340e-002
6.000000e+001	8.552290e-002
6.000000e+001	8.589680e-002
6.000000e+001	8.603420e-002
6.000000e+001	8.632450e-002
6.000000e+001	8.609300e-002
6.000000e+001	8.599070e-002
6.000000e+001	8.620930e-002
6.000000e+001	8.603880e-002
6.000000e+001	8.583890e-002
6.000000e+001	8.579830e-002
6.000000e+001	8.584640e-002
6.000000e+001	8.609880e-002
6.000000e+001	8.632940e-002
6.000000e+001	8.616290e-002
6.000000e+001	8.616900e-002
6.000000e+001	8.574400e-002
6.000000e+001	8.591650e-002
6.000000e+001	8.613210e-002
6.000000e+001	8.620010e-002
6.000000e+001	8.621380e-002
6.000000e+001	8.645640e-002
6.000000e+001	8.641120e-002
6.000000e+001	8.620690e-002
6.000000e+001	8.607500e-002
6.000000e+001	8.593090e-002
6.000000e+001	8.595200e-002
6.000000e+001	8.595980e-002
6.000000e+001	8.599810e-002
6.000000e+001	8.639570e-002
6.000000e+001	8.642740e-002
6.000000e+001	8.627240e-002
6.000000e+001	8.637620e-002
6.000000e+001	8.605250e-002
6.000000e+001	8.618930e-002
6.000000e+001	8.600920e-002
6.000000e+001	8.631380e-002
6.000000e+001	8.643730e-002
6.000000e+001	8.664750e-002
6.000000e+001	8.644910e-002
6.000000e+001	8.645320e-002
6.000000e+001	8.633420e-002
6.000000e+001	8.657010e-002
6.000000e+001	8.648800e-002
6.000000e+001	8.677630e-002
6.000000e+001	8.692870e-002
6.000000e+001	8.675920e-002
6.000000e+001	8.637260e-002
6.000000e+001	8.619900e-002
6.000000e+001	8.623690e-002
6.000000e+001	8.671590e-002
6.000000e+001	8.706050e-002
6.000000e+001	8.697070e-002
6.000000e+001	8.680250e-002
6.000000e+001	8.665540e-002
6.000000e+001	8.633190e-002
6.000000e+001	8.650480e-002
6.000000e+001	8.687730e-002
6.000000e+001	8.678580e-002
6.000000e+001	8.673930e-002
6.000000e+001	8.652260e-002
6.000000e+001	8.661640e-002
6.000000e+001	8.647870e-002
6.000000e+001	8.637170e-002
6.000000e+001	8.644290e-002
6.000000e+001	8.656760e-002
6.000000e+001	8.670570e-002
6.000000e+001	8.714080e-002
6.000000e+001	8.718740e-002
6.000000e+001	8.691270e-002
6.000000e+001	8.660530e-002
6.000000e+001	8.626830e-002
6.000000e+001	8.675950e-002
6.000000e+001	8.710010e-002
6.000000e+001	8.729630e-002
6.000000e+001	8.724360e-002
6.000000e+001	8.714950e-002
6.000000e+001	8.659740e-002
6.000000e+001	8.685030e-002
6.000000e+001	8.709510e-002
6.000000e+001	8.713960e-002
6.000000e+001	8.738010e-002
6.000000e+001	8.720540e-002
6.000000e+001	8.700790e-002
6.000000e+001	8.672330e-002
6.000000e+001	8.697540e-002
6.000000e+001	8.703360e-002
6.000000e+001	8.706190e-002
6.000000e+001	8.694010e-002
6.000000e+001	8.697960e-002
6.000000e+001	8.707340e-002
6.000000e+001	8.709120e-002
6.000000e+001	8.708740e-002
6.000000e+001	8.738230e-002
6.000000e+001	8.708030e-002
6.000000e+001	8.724870e-002
6.000000e+001	8.707080e-002
6.000000e+001	8.698960e-002
6.000000e+001	8.682580e-002
6.000000e+001	8.662930e-002
6.000000e+001	8.681630e-002
6.000000e+001	8.697670e-002
6.000000e+001	8.706980e-002
6.000000e+001	8.712170e-002
6.000000e+001	8.705090e-002
6.000000e+001	8.673300e-002
6.000000e+001	8.655210e-002
6.000000e+001	8.666940e-002
6.000000e+001	8.672860e-002
6.000000e+001	8.669430e-002
6.000000e+001	8.670140e-002
6.000000e+001	8.662840e-002
6.000000e+001	8.678120e-002
6.000000e+001	8.661040e-002
6.000000e+001	8.671600e-002
6.000000e+001	8.676500e-002
6.000000e+001	8.683750e-002
6.000000e+001	8.668000e-002
6.000000e+001	8.669720e-002
6.000000e+001	8.655570e-002
6.000000e+001	8.667350e-002
6.000000e+001	8.667680e-002
6.000000e+001	8.670010e-002
6.000000e+001	8.720550e-002
6.000000e+001	8.720380e-002
6.000000e+001	8.737040e-002
6.000000e+001	8.731380e-002
6.000000e+001	8.706040e-002
6.000000e+001	8.738290e-002
6.000000e+001	8.734870e-002
6.000000e+001	8.720730e-002
6.000000e+001	8.709560e-002
6.000000e+001	8.715860e-002
6.000000e+001	8.736330e-002
6.000000e+001	8.733190e-002
6.000000e+001	8.733400e-002
6.000000e+001	8.748530e-002
6.000000e+001	8.741590e-002
6.000000e+001	8.730680e-002
6.000000e+001	8.732780e-002
6.000000e+001	8.747030e-002
6.000000e+001	8.754760e-002
6.000000e+001	8.738620e-002
6.000000e+001	8.745130e-002
6.000000e+001	8.748590e-002
6.000000e+001	8.769920e-002
6.000000e+001	8.750620e-002
6.000000e+001	8.737170e-002
6.000000e+001	8.742380e-002
6.000000e+001	8.733240e-002
6.000000e+001	8.748250e-002
6.000000e+001	8.743010e-002
6.000000e+001	8.749380e-002
6.000000e+001	8.721080e-002
6.000000e+001	8.742460e-002
6.000000e+001	8.725480e-002
6.000000e+001	8.733810e-002
6.000000e+001	8.738040e-002
6.000000e+001	8.743130e-002
6.000000e+001	8.758290e-002
6.000000e+001	8.758050e-002
6.000000e+001	8.766500e-002
6.000000e+001	8.758450e-002
6.000000e+001	8.762130e-002
6.000000e+001	8.746420e-002
6.000000e+001	8.774460e-002
6.000000e+001	8.758290e-002
6.000000e+001	8.743510e-002
6.000000e+001	8.762340e-002
6.000000e+001	8.742330e-002
6.000000e+001	8.778050e-002
6.000000e+001	8.777860e-002
6.000000e+001	8.773190e-002
6.000000e+001	8.777420e-002
6.000000e+001	8.769100e-002
6.000000e+001	8.782560e-002
6.000000e+001	8.766610e-002
6.000000e+001	8.760590e-002
6.000000e+001	8.765860e-002
6.000000e+001	8.783040e-002
6.000000e+001	8.792450e-002
6.000000e+001	8.781510e-002
6.000000e+001	8.783790e-002
6.000000e+001	8.806250e-002
6.000000e+001	8.790140e-002
6.000000e+001	8.767070e-002
6.000000e+001	8.775790e-002
6.000000e+001	8.774390e-002
6.000000e+001	8.780700e-002
6.000000e+001	8.770870e-002
6.000000e+001	8.755890e-002
6.000000e+001	8.732870e-002
6.000000e+001	8.749100e-002
6.000000e+001	8.786350e-002
6.000000e+001	8.787700e-002
6.000000e+001	8.776990e-002
6.000000e+001	8.771870e-002
6.000000e+001	8.778430e-002
6.000000e+001	8.788390e-002
6.000000e+001	8.814660e-002
6.000000e+001	8.788890e-002
6.000000e+001	8.792850e-002
6.000000e+001	8.777530e-002
6.000000e+001	8.759060e-002
6.000000e+001	8.790670e-002
6.000000e+001	8.805850e-002
6.000000e+001	8.822700e-002
6.000000e+001	8.778240e-002
6.000000e+001	8.781930e-002
6.000000e+001	8.783170e-002
6.000000e+001	8.783860e-002
6.000000e+001	8.804020e-002
6.000000e+001	8.768040e-002
6.000000e+001	8.778620e-002
6.000000e+001	8.794700e-002
6.000000e+001	8.804830e-002
6.000000e+001	8.790250e-002
6.000000e+001	8.810610e-002
6.000000e+001	8.809020e-002
6.000000e+001	8.821110e-002
6.000000e+001	8.797460e-002
6.000000e+001	8.783590e-002
6.000000e+001	8.776590e-002
6.000000e+001	8.757900e-002
6.000000e+001	8.767860e-002
6.000000e+001	8.811780e-002
6.000000e+001	8.828370e-002
6.000000e+001	8.803290e-002
6.000000e+001	8.837920e-002
6.000000e+001	8.817950e-002
6.000000e+001	8.826910e-002
6.000000e+001	8.838860e-002
6.000000e+001	8.862520e-002
6.000000e+001	8.842440e-002
6.000000e+001	8.839820e-002
6.000000e+001	8.866470e-002
6.000000e+001	8.853860e-002
6.000000e+001	8.849360e-002
6.000000e+001	8.846800e-002
6.000000e+001	8.833350e-002
6.000000e+001	8.850110e-002
6.000000e+001	8.832890e-002
6.000000e+001	8.832400e-002
6.000000e+001	8.823230e-002
6.000000e+001	8.839360e-002
6.000000e+001	8.860920e-002
6.000000e+001	8.861720e-002
6.000000e+001	8.841050e-002
6.000000e+001	8.847880e-002
6.000000e+001	8.858320e-002
6.000000e+001	8.804790e-002
6.000000e+001	8.804180e-002
6.000000e+001	8.813170e-002
6.000000e+001	8.866950e-002
6.000000e+001	8.831540e-002
6.000000e+001	8.849140e-002
6.000000e+001	8.865050e-002
6.000000e+001	8.855400e-002
6.000000e+001	8.839610e-002
6.000000e+001	8.842050e-002
6.000000e+001	8.841940e-002
6.000000e+001	8.843460e-002
6.000000e+001	8.865740e-002
6.000000e+001	8.874970e-002
6.000000e+001	8.864170e-002
6.000000e+001	8.855480e-002
6.000000e+001	8.862360e-002
6.000000e+001	8.867940e-002
6.000000e+001	8.860950e-002
6.000000e+001	8.878430e-002
6.000000e+001	8.856210e-002
6.000000e+001	8.884870e-002
6.000000e+001	8.880990e-002
6.000000e+001	8.873230e-002
6.000000e+001	8.870450e-002
6.000000e+001	8.866480e-002
6.000000e+001	8.856200e-002
6.000000e+001	8.860260e-002
6.000000e+001	8.895320e-002
6.000000e+001	8.904230e-002
6.000000e+001	8.908060e-002
6.000000e+001	8.897650e-002
6.000000e+001	8.869880e-002
6.000000e+001	8.903790e-002
6.000000e+001	8.902870e-002
6.000000e+001	8.907860e-002
6.000000e+001	8.939370e-002
6.000000e+001	8.929440e-002
6.000000e+001	8.896720e-002
6.000000e+001	8.906520e-002
6.000000e+001	8.878030e-002
6.000000e+001	8.875780e-002
6.000000e+001	8.869230e-002
6.000000e+001	8.892720e-002
6.000000e+001	8.896670e-002
6.000000e+001	8.905200e-002
6.000000e+001	8.902290e-002
6.000000e+001	8.887550e-002
6.000000e+001	8.897650e-002
6.000000e+001	8.910400e-002
6.000000e+001	8.933120e-002
6.000000e+001	8.947120e-002
6.000000e+001	8.920260e-002
6.000000e+001	8.935890e-002
6.000000e+001	8.939330e-002
6.000000e+001	8.938230e-002
6.000000e+001	8.932570e-002
6.000000e+001	8.918390e-002
6.000000e+001	8.911720e-002
6.000000e+001	8.919870e-002
6.000000e+001	8.917310e-002
6.000000e+001	8.931280e-002
6.000000e+001	8.908520e-002
6.000000e+001	8.882630e-002
6.000000e+001	8.902710e-002
6.000000e+001	8.933510e-002
6.000000e+001	8.972850e-002
6.000000e+001	8.980260e-002
6.000000e+001	8.973290e-002
6.000000e+001	8.958390e-002
6.000000e+001	8.918420e-002
6.000000e+001	8.918890e-002
6.000000e+001	8.928830e-002
6.000000e+001	8.925100e-002
6.000000e+001	8.942220e-002
6.000000e+001	8.896770e-002
6.000000e+001	8.890420e-002
6.000000e+001	8.918950e-002
6.000000e+001	8.917910e-002
6.000000e+001	8.893400e-002
6.000000e+001	8.901030e-002
6.000000e+001	8.897220e-002
6.000000e+001	8.904350e-002
6.000000e+001	8.890560e-002
6.000000e+001	8.903980e-002
6.000000e+001	8.917450e-002
6.000000e+001	8.925860e-002
6.000000e+001	8.901540e-002
6.000000e+001	8.890230e-002
6.000000e+001	8.902590e-002
6.000000e+001	8.889500e-002
6.000000e+001	8.889370e-002
6.000000e+001	8.883040e-002
6.000000e+001	8.883650e-002
6.000000e+001	8.895730e-002
6.000000e+001	8.896400e-002
6.000000e+001	8.909120e-002
6.000000e+001	8.894050e-002
6.000000e+001	8.886740e-002
6.000000e+001	8.908290e-002
6.000000e+001	8.892620e-002
6.000000e+001	8.896990e-002
6.000000e+001	8.917290e-002
6.000000e+001	8.964420e-002
6.000000e+001	8.990680e-002
6.000000e+001	8.983970e-002
6.000000e+001	8.947570e-002
6.000000e+001	8.945760e-002
6.000000e+001	8.972510e-002
6.000000e+001	8.965110e-002
6.000000e+001	8.968580e-002
6.000000e+001	9.005730e-002
6.000000e+001	9.001620e-002
6.000000e+001	8.976980e-002
6.000000e+001	8.977430e-002
6.000000e+001	8.959680e-002
6.000000e+001	8.966360e-002
6.000000e+001	8.943480e-002
6.000000e+001	8.929720e-002
6.000000e+001	8.962810e-002
6.000000e+001	9.032050e-002
6.000000e+001	9.027320e-002
6.000000e+001	9.030690e-002
6.000000e+001	9.008030e-002
6.000000e+001	8.978700e-002
6.000000e+001	8.980080e-002
6.000000e+001	9.024820e-002
6.000000e+001	9.004610e-002
6.000000e+001	8.974970e-002
6.000000e+001	8.997620e-002
6.000000e+001	9.010040e-002
6.000000e+001	8.987310e-002
6.000000e+001	8.984850e-002
6.000000e+001	8.981570e-002
6.000000e+001	9.003200e-002
6.000000e+001	9.015210e-002
6.000000e+001	9.030150e-002
6.000000e+001	9.015560e-002
6.000000e+001	8.975610e-002
6.000000e+001	8.997820e-002
6.000000e+001	8.992400e-002
6.000000e+001	8.991360e-002
6.000000e+001	9.012920e-002
6.000000e+001	9.042270e-002
6.000000e+001	9.039790e-002
6.000000e+001	8.994220e-002
6.000000e+001	8.991070e-002
6.000000e+001	9.001780e-002
6.000000e+001	9.023500e-002
6.000000e+001	9.026700e-002
6.000000e+001	9.014690e-002
6.000000e+001	9.032170e-002
6.000000e+001	9.024400e-002
6.000000e+001	9.004230e-002
6.000000e+001	8.991090e-002
6.000000e+001	9.006230e-002
6.000000e+001	9.008820e-002
6.000000e+001	9.048650e-002
6.000000e+001	9.048400e-002
6.000000e+001	9.021380e-002
6.000000e+001	9.033150e-002
6.000000e+001	9.038320e-002
6.000000e+001	9.002530e-002
6.000000e+001	9.029630e-002
6.000000e+001	9.044570e-002
6.000000e+001	9.054720e-002
6.000000e+001	9.053640e-002
6.000000e+001	9.025370e-002
6.000000e+001	9.048420e-002
6.000000e+001	9.032600e-002
6.000000e+001	9.016040e-002
6.000000e+001	9.047600e-002
6.000000e+001	9.050310e-002
6.000000e+001	9.053680e-002
6.000000e+001	9.048920e-002
6.000000e+001	9.048500e-002
6.000000e+001	9.064660e-002
6.000000e+001	9.046580e-002
6.000000e+001	9.020550e-002
6.000000e+001	9.016370e-002
6.000000e+001	9.014710e-002
6.000000e+001	9.036010e-002
6.000000e+001	9.049840e-002
6.000000e+001	9.047710e-002
6.000000e+001	9.070900e-002
6.000000e+001	9.062250e-002
6.000000e+001	9.038340e-002
6.000000e+001	9.050390e-002
6.000000e+001	9.060430e-002
6.000000e+001	9.057980e-002
6.000000e+001	9.027310e-002
6.000000e+001	9.043730e-002
6.000000e+001	9.028700e-002
6.000000e+001	9.025870e-002
6.000000e+001	9.055830e-002
6.000000e+001	9.073230e-002
6.000000e+001	9.078210e-002
6.000000e+001	9.096590e-002
6.000000e+001	9.055900e-002
6.000000e+001	9.059260e-002
6.000000e+001	9.043290e-002
6.000000e+001	9.036690e-002
6.000000e+001	9.102150e-002
6.000000e+001	9.087920e-002
6.000000e+001	9.081810e-002
6.000000e+001	9.106710e-002
6.000000e+001	9.079690e-002
6.000000e+001	9.083230e-002
6.000000e+001	9.101580e-002
6.000000e+001	9.090070e-002
6.000000e+001	9.087590e-002
6.000000e+001	9.080330e-002
6.000000e+001	9.076840e-002
6.000000e+001	9.097800e-002
6.000000e+001	9.089970e-002
6.000000e+001	9.074120e-002
6.000000e+001	9.089230e-002
6.000000e+001	9.088590e-002
6.000000e+001	9.089070e-002
6.000000e+001	9.078650e-002
6.000000e+001	9.110520e-002
6.000000e+001	9.102150e-002
6.000000e+001	9.092880e-002
6.000000e+001	9.076490e-002
6.000000e+001	9.092000e-002
6.000000e+001	9.099540e-002
6.000000e+001	9.076600e-002
6.000000e+001	9.070560e-002
6.000000e+001	9.063420e-002
6.000000e+001	9.080550e-002
6.000000e+001	9.083400e-002
6.000000e+001	9.049500e-002
6.000000e+001	9.100790e-002
6.000000e+001	9.066770e-002
6.000000e+001	9.088350e-002
6.000000e+001	9.096390e-002
6.000000e+001	9.063220e-002
6.000000e+001	9.061570e-002
6.000000e+001	9.091770e-002
6.000000e+001	9.067980e-002
6.000000e+001	9.077390e-002
6.000000e+001	9.082780e-002
6.000000e+001	9.088720e-002
6.000000e+001	9.103680e-002
6.000000e+001	9.101680e-002
6.000000e+001	9.130310e-002
6.000000e+001	9.135780e-002
6.000000e+001	9.104680e-002
6.000000e+001	9.134240e-002
6.000000e+001	9.133090e-002
6.000000e+001	9.119670e-002
6.000000e+001	9.135420e-002
6.000000e+001	9.107360e-002
6.000000e+001	9.118370e-002
6.000000e+001	9.132680e-002
6.000000e+001	9.145370e-002
6.000000e+001	9.170920e-002
6.000000e+001	9.143780e-002
6.000000e+001	9.154140e-002
6.000000e+001	9.163660e-002
6.000000e+001	9.118020e-002
6.000000e+001	9.103890e-002
6.000000e+001	9.097990e-002
6.000000e+001	9.112880e-002
6.000000e+001	9.138660e-002
6.000000e+001	9.170170e-002
6.000000e+001	9.153070e-002
6.000000e+001	9.182900e-002
6.000000e+001	9.164140e-002
6.000000e+001	9.154860e-002
6.000000e+001	9.147480e-002
6.000000e+001	9.134560e-002
6.000000e+001	9.148280e-002
6.000000e+001	9.158180e-002
6.000000e+001	9.173240e-002
6.000000e+001	9.164060e-002
6.000000e+001	9.161110e-002
6.000000e+001	9.203620e-002
6.000000e+001	9.204970e-002
6.000000e+001	9.215480e-002
6.000000e+001	9.235410e-002
6.000000e+001	9.215410e-002
6.000000e+001	9.231650e-002
6.000000e+001	9.218050e-002
6.000000e+001	9.206510e-002
6.000000e+001	9.223050e-002
6.000000e+001	9.215790e-002
6.000000e+001	9.196520e-002
6.000000e+001	9.210720e-002
6.000000e+001	9.222090e-002
6.000000e+001	9.245500e-002
6.000000e+001	9.240320e-002
6.000000e+001	9.226670e-002
6.000000e+001	9.240730e-002
6.000000e+001	9.265370e-002
6.000000e+001	9.257730e-002
6.000000e+001	9.254500e-002
6.000000e+001	9.234640e-002
6.000000e+001	9.244920e-002
6.000000e+001	9.237770e-002
6.000000e+001	9.249710e-002
6.000000e+001	9.275330e-002
6.000000e+001	9.228360e-002
6.000000e+001	9.216430e-002
6.000000e+001	9.241680e-002
6.000000e+001	9.231320e-002
6.000000e+001	9.240960e-002
6.000000e+001	9.240060e-002
6.000000e+001	9.245720e-002
6.000000e+001	9.243670e-002
6.000000e+001	9.232990e-002
6.000000e+001	9.247140e-002
6.000000e+001	9.236910e-002
6.000000e+001	9.269780e-002
6.000000e+001	9.250070e-002
6.000000e+001	9.255520e-002
6.000000e+001	9.275300e-002
6.000000e+001	9.291090e-002
6.000000e+001	9.283980e-002
6.000000e+001	9.270440e-002
6.000000e+001	9.247380e-002
6.000000e+001	9.265920e-002
6.000000e+001	9.264210e-002
6.000000e+001	9.258670e-002
6.000000e+001	9.253390e-002
6.000000e+001	9.243340e-002
6.000000e+001	9.266630e-002
6.000000e+001	9.268140e-002
6.000000e+001	9.282820e-002
6.000000e+001	9.261260e-002
6.000000e+001	9.265520e-002
6.000000e+001	9.274360e-002
6.000000e+001	9.243010e-002
6.000000e+001	9.228060e-002
6.000000e+001	9.246040e-002
6.000000e+001	9.260960e-002
6.000000e+001	9.250000e-002
6.000000e+001	9.253900e-002
6.000000e+001	9.257940e-002
6.000000e+001	9.268970e-002
6.000000e+001	9.222160e-002
6.000000e+001	9.226090e-002
6.000000e+001	9.244000e-002
6.000000e+001	9.248550e-002
6.000000e+001	9.214520e-002
6.000000e+001	9.242290e-002
6.000000e+001	9.247180e-002
6.000000e+001	9.274550e-002
6.000000e+001	9.230360e-002
6.000000e+001	9.243730e-002
6.000000e+001	9.260170e-002
6.000000e+001	9.241520e-002
6.000000e+001	9.250080e-002
6.000000e+001	9.218380e-002
6.000000e+001	9.229110e-002
6.000000e+001	9.242740e-002
6.000000e+001	9.285330e-002
6.000000e+001	9.286880e-002
6.000000e+001	9.286960e-002
6.000000e+001	9.284880e-002
6.000000e+001	9.314350e-002
6.000000e+001	9.292550e-002
6.000000e+001	9.311200e-002
6.000000e+001	9.287040e-002
6.000000e+001	9.326140e-002
6.000000e+001	9.317250e-002
6.000000e+001	9.302880e-002
6.000000e+001	9.312830e-002
6.000000e+001	9.311630e-002
6.000000e+001	9.284460e-002
6.000000e+001	9.285560e-002
6.000000e+001	9.303230e-002
6.000000e+001	9.310760e-002
6.000000e+001	9.340120e-002
6.000000e+001	9.368460e-002
6.000000e+001	9.362470e-002
6.000000e+001	9.339760e-002
6.000000e+001	9.320710e-002
6.000000e+001	9.360880e-002
6.000000e+001	9.348210e-002
6.000000e+001	9.342740e-002
6.000000e+001	9.337130e-002
6.000000e+001	9.325680e-002
6.000000e+001	9.352980e-002
6.000000e+001	9.368840e-002
6.000000e+001	9.344180e-002
6.000000e+001	9.356210e-002
6.000000e+001	9.361550e-002
6.000000e+001	9.332050e-002
6.000000e+001	9.314370e-002
6.000000e+001	9.310270e-002
6.000000e+001	9.324350e-002
6.000000e+001	9.371450e-002
6.000000e+001	9.320940e-002
6.000000e+001	9.333330e-002
6.000000e+001	9.318770e-002
6.000000e+001	9.282050e-002
6.000000e+001	9.299110e-002
6.000000e+001	9.329630e-002
6.000000e+001	9.364130e-002
6.000000e+001	9.357290e-002
6.000000e+001	9.356210e-002
6.000000e+001	9.361380e-002
6.000000e+001	9.367310e-002
6.000000e+001	9.382250e-002
6.000000e+001	9.376980e-002
6.000000e+001	9.376010e-002
6.000000e+001	9.367040e-002
6.000000e+001	9.370450e-002
6.000000e+001	9.374230e-002
6.000000e+001	9.356470e-002
6.000000e+001	9.391630e-002
6.000000e+001	9.400120e-002
6.000000e+001	9.414900e-002
6.000000e+001	9.403420e-002
6.000000e+001	9.424630e-002
6.000000e+001	9.391530e-002
6.000000e+001	9.396920e-002
6.000000e+001	9.396800e-002
6.000000e+001	9.418900e-002
6.000000e+001	9.448970e-002
6.000000e+001	9.428080e-002
6.000000e+001	9.435580e-002
6.000000e+001	9.398780e-002
6.000000e+001	9.399220e-002
6.000000e+001	9.401560e-002
6.000000e+001	9.431030e-002
6.000000e+001	9.406190e-002
6.000000e+001	9.406670e-002
6.000000e+001	9.384260e-002
6.000000e+001	9.379290e-002
6.000000e+001	9.400930e-002
6.000000e+001	9.412180e-002
6.000000e+001	9.425510e-002
6.000000e+001	9.455510e-002
6.000000e+001	9.416580e-002
6.000000e+001	9.398260e-002
6.000000e+001	9.432650e-002
6.000000e+001	9.379770e-002
6.000000e+001	9.413680e-002
6.000000e+001	9.421340e-002
6.000000e+001	9.404660e-002
6.000000e+001	9.445620e-002
6.000000e+001	9.426700e-002
6.000000e+001	9.439170e-002
6.000000e+001	9.454150e-002
6.000000e+001	9.436560e-002
6.000000e+001	9.456040e-002
6.000000e+001	9.471510e-002
6.000000e+001	9.504670e-002
6.000000e+001	9.500730e-002
6.000000e+001	9.504700e-002
6.000000e+001	9.467790e-002
6.000000e+001	9.495600e-002
6.000000e+001	9.491780e-002
6.000000e+001	9.487660e-002
6.000000e+001	9.470370e-002
6.000000e+001	9.507320e-002
6.000000e+001	9.498510e-002
6.000000e+001	9.510590e-002
6.000000e+001	9.512100e-002
6.000000e+001	9.493290e-002
6.000000e+001	9.492650e-002
6.000000e+001	9.464460e-002
6.000000e+001	9.467230e-002
6.000000e+001	9.490080e-002
6.000000e+001	9.448550e-002
6.000000e+001	9.447050e-002
6.000000e+001	9.450960e-002
6.000000e+001	9.499020e-002
6.000000e+001	9.515520e-002
6.000000e+001	9.514300e-002
6.000000e+001	9.504250e-002
6.000000e+001	9.451120e-002
6.000000e+001	9.453610e-002
6.000000e+001	9.464050e-002
6.000000e+001	9.515400e-002
6.000000e+001	9.504030e-002
6.000000e+001	9.513520e-002
6.000000e+001	9.496070e-002
6.000000e+001	9.416080e-002
6.000000e+001	9.440850e-002
6.000000e+001	9.467350e-002
6.000000e+001	9.495490e-002
6.000000e+001	9.498890e-002
6.000000e+001	9.502240e-002
6.000000e+001	9.468870e-002
6.000000e+001	9.456800e-002
6.000000e+001	9.491430e-002
6.000000e+001	9.524120e-002
6.000000e+001	9.545510e-002
6.000000e+001	9.571980e-002
6.000000e+001	9.540210e-002
6.000000e+001	9.525980e-002
6.000000e+001	9.511800e-002
6.000000e+001	9.497500e-002
6.000000e+001	9.484810e-002
6.000000e+001	9.520430e-002
6.000000e+001	9.496270e-002
6.000000e+001	9.504630e-002
6.000000e+001	9.485140e-002
6.000000e+001	9.518290e-002
6.000000e+001	9.487250e-002
6.000000e+001	9.451330e-002
6.000000e+001	9.478400e-002
6.000000e+001	9.498650e-002
6.000000e+001	9.484240e-002
6.000000e+001	9.501740e-002
6.000000e+001	9.492550e-002
6.000000e+001	9.507460e-002
6.000000e+001	9.507650e-002
6.000000e+001	9.512890e-002
6.000000e+001	9.543340e-002
6.000000e+001	9.519660e-002
6.000000e+001	9.574220e-002
6.000000e+001	9.598330e-002
6.000000e+001	9.581780e-002
6.000000e+001	9.578700e-002
6.000000e+001	9.608210e-002
6.000000e+001	9.574990e-002
6.000000e+001	9.524830e-002
6.000000e+001	9.536360e-002
6.000000e+001	9.577360e-002
6.000000e+001	9.576330e-002
6.000000e+001	9.576940e-002
6.000000e+001	9.585280e-002
6.000000e+001	9.581040e-002
6.000000e+001	9.588420e-002
6.000000e+001	9.568180e-002
6.000000e+001	9.543470e-002
6.000000e+001	9.570980e-002
6.000000e+001	9.579480e-002
6.000000e+001	9.564270e-002
6.000000e+001	9.571760e-002
6.000000e+001	9.544400e-002
6.000000e+001	9.564060e-002
6.000000e+001	9.564670e-002
6.000000e+001	9.587600e-002
6.000000e+001	9.615060e-002
6.000000e+001	9.592350e-002
6.000000e+001	9.600900e-002
6.000000e+001	9.593210e-002
6.000000e+001	9.656310e-002
6.000000e+001	9.635530e-002
6.000000e+001	9.612530e-002
6.000000e+001	9.607180e-002
6.000000e+001	9.620540e-002
6.000000e+001	9.631450e-002
6.000000e+001	9.622980e-002
6.000000e+001	9.623220e-002
6.000000e+001	9.598540e-002
6.000000e+001	9.605320e-002
6.000000e+001	9.606790e-002
6.000000e+001	9.610960e-002
6.000000e+001	9.647970e-002
6.000000e+001	9.637330e-002
6.000000e+001	9.661420e-002
6.000000e+001	9.637390e-002
6.000000e+001	9.639020e-002
6.000000e+001	9.645660e-002
6.000000e+001	9.653020e-002
6.000000e+001	9.674390e-002
6.000000e+001	9.644120e-002
6.000000e+001	9.678420e-002
6.000000e+001	9.635990e-002
6.000000e+001	9.640970e-002
6.000000e+001	9.642270e-002
6.000000e+001	9.652510e-002
6.000000e+001	9.679870e-002
6.000000e+001	9.657940e-002
6.000000e+001	9.658300e-002
6.000000e+001	9.666150e-002
6.000000e+001	9.679520e-002
6.000000e+001	9.664860e-002
6.000000e+001	9.657030e-002
6.000000e+001	9.682630e-002
6.000000e+001	9.696480e-002
6.000000e+001	9.658460e-002
6.000000e+001	9.670770e-002
6.000000e+001	9.642700e-002
6.000000e+001	9.678860e-002
6.000000e+001	9.665250e-002
6.000000e+001	9.644800e-002
6.000000e+001	9.646390e-002
6.000000e+001	9.691060e-002
6.000000e+001	9.649430e-002
6.000000e+001	9.643760e-002
6.000000e+001	9.659210e-002
6.000000e+001	9.666040e-002
6.000000e+001	9.676070e-002
6.000000e+001	9.646000e-002
6.000000e+001	9.627880e-002
6.000000e+001	9.691270e-002
6.000000e+001	9.640270e-002
6.000000e+001	9.670390e-002
6.000000e+001	9.697330e-002
6.000000e+001	9.697710e-002
6.000000e+001	9.694670e-002
6.000000e+001	9.668540e-002
6.000000e+001	9.665200e-002
6.000000e+001	9.660880e-002
6.000000e+001	9.679680e-002
6.000000e+001	9.700640e-002
6.000000e+001	9.707130e-002
6.000000e+001	9.722030e-002
6.000000e+001	9.751340e-002
6.000000e+001	9.754750e-002
6.000000e+001	9.732030e-002
6.000000e+001	9.715120e-002
6.000000e+001	9.727510e-002
6.000000e+001	9.773540e-002
6.000000e+001	9.752480e-002
6.000000e+001	9.766490e-002
6.000000e+001	9.757720e-002
6.000000e+001	9.722040e-002
6.000000e+001	9.744450e-002
6.000000e+001	9.750310e-002
6.000000e+001	9.752530e-002
6.000000e+001	9.723360e-002
6.000000e+001	9.740150e-002
6.000000e+001	9.762330e-002
6.000000e+001	9.749100e-002
6.000000e+001	9.775850e-002
6.000000e+001	9.733890e-002
6.000000e+001	9.760000e-002
6.000000e+001	9.749330e-002
6.000000e+001	9.771970e-002
6.000000e+001	9.779570e-002
6.000000e+001	9.786540e-002
6.000000e+001	9.753720e-002
6.000000e+001	9.786980e-002
6.000000e+001	9.801120e-002
6.000000e+001	9.769920e-002
6.000000e+001	9.803440e-002
6.000000e+001	9.800510e-002
6.000000e+001	9.819910e-002
6.000000e+001	9.815020e-002
6.000000e+001	9.822020e-002
6.000000e+001	9.797920e-002
6.000000e+001	9.767280e-002
6.000000e+001	9.798730e-002
6.000000e+001	9.809630e-002
6.000000e+001	9.821520e-002
6.000000e+001	9.810650e-002
6.000000e+001	9.853700e-002
6.000000e+001	9.824000e-002
6.000000e+001	9.806480e-002
6.000000e+001	9.795780e-002
6.000000e+001	9.810090e-002
6.000000e+001	9.790220e-002
6.000000e+001	9.856560e-002
6.000000e+001	9.835220e-002
6.000000e+001	9.841320e-002
6.000000e+001	9.846000e-002
6.000000e+001	9.814530e-002
6.000000e+001	9.802180e-002
6.000000e+001	9.838840e-002
6.000000e+001	9.843680e-002
6.000000e+001	9.830430e-002
6.000000e+001	9.835410e-002
6.000000e+001	9.847480e-002
6.000000e+001	9.846250e-002
6.000000e+001	9.821320e-002
6.000000e+001	9.831140e-002
6.000000e+001	9.792030e-002
6.000000e+001	9.807360e-002
6.000000e+001	9.824540e-002
6.000000e+001	9.880280e-002
6.000000e+001	9.872310e-002
6.000000e+001	9.884500e-002
6.000000e+001	9.870240e-002
6.000000e+001	9.870650e-002
6.000000e+001	9.868810e-002
6.000000e+001	9.822990e-002
6.000000e+001	9.835070e-002
6.000000e+001	9.871400e-002
6.000000e+001	9.866170e-002
6.000000e+001	9.873870e-002
6.000000e+001	9.843470e-002
6.000000e+001	9.839340e-002
6.000000e+001	9.888990e-002
6.000000e+001	9.883990e-002
6.000000e+001	9.860680e-002
6.000000e+001	9.871780e-002
6.000000e+001	9.864960e-002
6.000000e+001	9.875050e-002
6.000000e+001	9.917030e-002
6.000000e+001	9.915170e-002
6.000000e+001	9.919060e-002
6.000000e+001	9.878200e-002
6.000000e+001	9.883180e-002
6.000000e+001	9.893750e-002
6.000000e+001	9.889630e-002
6.000000e+001	9.908840e-002
6.000000e+001	9.891900e-002
6.000000e+001	9.900240e-002
6.000000e+001	9.911630e-002
6.000000e+001	9.907240e-002
6.000000e+001	9.893530e-002
6.000000e+001	9.919880e-002
6.000000e+001	9.934610e-002
6.000000e+001	9.926900e-002
6.000000e+001	9.949180e-002
6.000000e+001	9.952000e-002
6.000000e+001	9.947460e-002
6.000000e+001	9.930220e-002
6.000000e+001	9.928180e-002
6.000000e+001	9.922410e-002
6.000000e+001	9.927790e-002
6.000000e+001	9.924230e-002
6.000000e+001	9.930510e-002
6.000000e+001	9.919050e-002
6.000000e+001	9.921470e-002
6.000000e+001	9.940730e-002
6.000000e+001	9.925430e-002
6.000000e+001	9.922210e-002
6.000000e+001	9.952590e-002
6.000000e+001	9.986160e-002
6.000000e+001	9.999080e-002
6.000000e+001	9.999550e-002
6.000000e+001	9.998990e-002
6.000000e+001	9.999540e-002
6.000000e+001	9.976240e-002
6.000000e+001	9.973680e-002
6.000000e+001	9.997780e-002
6.000000e+001	9.999530e-002
6.000000e+001	9.999520e-002
6.000000e+001	9.997580e-002
