    1.000000    0.540302    1.935383
    1.100000    0.453596    2.049777
    1.200000    0.362358    2.143690
    1.300000    0.267499    2.216184
    1.400000    0.169967    2.266534
    1.500000    0.070737    2.294238
    1.600000   -0.029200    2.299019
    1.700000   -0.128844    2.280829
    1.800000   -0.227202    2.239850
    1.900000   -0.323290    2.176490
    2.000000   -0.416147    2.091384
    2.100000   -0.504846    1.985382
    2.200000   -0.588501    1.859542
    2.300000   -0.666276    1.715122
    2.400000   -0.737394    1.553565
    2.500000   -0.801144    1.376486
    2.600000   -0.856889    1.185653
    2.700000   -0.904072    0.982974
    2.800000   -0.942222    0.770473
    2.900000   -0.970958    0.550273
    3.000000   -0.989992    0.324576
    3.100000   -0.999135    0.095636
    3.200000   -0.998295   -0.134261
    3.300000   -0.987480   -0.362815
    3.400000   -0.966798   -0.587745
    3.500000   -0.936457   -0.806801
    3.600000   -0.896758   -1.017797
    3.700000   -0.848100   -1.218623
    3.800000   -0.790968   -1.407273
    3.900000   -0.725932   -1.581862
    4.000000   -0.653644   -1.740646
    4.100000   -0.574824   -1.882037
    4.200000   -0.490261   -2.004624
    4.300000   -0.400799   -2.107182
    4.400000   -0.307333   -2.188685
    4.500000   -0.210796   -2.248319
    4.600000   -0.112153   -2.285489
    4.700000   -0.012389   -2.299823
    4.800000    0.087499   -2.291179
    4.900000    0.186512   -2.259641
    5.000000    0.283662   -2.205526
    5.100000    0.377978   -2.129374
    5.200000    0.468517   -2.031946
    5.300000    0.554374   -1.914215
    5.400000    0.634693   -1.777358
    5.500000    0.708670   -1.622743
    5.600000    0.775566   -1.451913
    5.700000    0.834713   -1.266577
    5.800000    0.885520   -1.068585
    5.900000    0.927478   -0.859916
    6.000000    0.960170   -0.642656
    6.100000    0.983268   -0.418974
    6.200000    0.996542   -0.191106
    6.300000    0.999859    0.038672
    6.400000    0.993185    0.268063
    6.500000    0.976588    0.494776
    6.600000    0.950233    0.716545
    6.700000    0.914383    0.931155
    6.800000    0.869397    1.136461
    6.900000    0.815725    1.330411
    7.000000    0.753902    1.511069
    7.100000    0.684547    1.676629
    7.200000    0.608351    1.825436
    7.300000    0.526078    1.956004
    7.400000    0.438547    2.067029