          |
          |
    Tiempo|
         s|
    0.000 |
    0.027 |
    0.075 |
    0.239 |
    0.560 |
    0.568 |
    0.575 |
    0.588 |
    0.594 |
    0.602 |
    0.606 |
    0.617 |
    0.647 |
    0.649 |
    0.786 |
    0.903 |
    0.910 |
    0.923 |
    0.927 |
    0.947 |
    0.952 |
    0.960 |
    0.965 |
    0.995 |
    1.000 |
    1.009 |
    1.137 |
    1.254 |
    1.260 |
    1.274 |
    1.278 |
    1.298 |
    1.303 |
    1.325 |
    1.331 |
    1.343 |
    1.359 |
    1.373 |
    1.376 |
    1.565 |
    1.699 |
    1.707 |
    1.719 |
    1.723 |
    1.743 |
    1.748 |
    1.760 |
    1.771 |
    1.777 |
    1.789 |
    1.819 |
    1.821 |
    2.011 |
    2.144 |
    2.152 |
    2.164 |
    2.224 |
